5.1810984612e+00 
5.3908548355e+00 
5.3774552345e+00 
5.6067709923e+00 
5.8706412315e+00 
5.6076865196e+00 
5.3418021202e+00 
5.3464145660e+00 
4.5705733299e+00 
5.7280454636e+00 
6.0811381340e+00 
4.6439824104e+00 
4.8555927277e+00 
4.5548558235e+00 
5.7881879807e+00 
5.4060797691e+00 
5.7802019119e+00 
5.0612955093e+00 
5.6048307419e+00 
5.2541813850e+00 
5.3048849106e+00 
4.5104360580e+00 
6.2355628014e+00 
5.7015957832e+00 
5.6321434975e+00 
4.7436385155e+00 
5.3773412704e+00 
5.6374425888e+00 
5.8615345955e+00 
5.0295038223e+00 
4.2907567024e+00 
5.7680792809e+00 
